[[0.24098067602216533, 0.849041780473228, 0.3694486147830477, 0.08521625831800717, 0.7677251458066182, 0.6614265585111144, 0.6749428472758211], [0.1983264558139508, 0.8949634900826144, 0.6373989959800654, 0.4852900798224148, 0.6410125746933194, 0.5236425273271139, 0.3095858259386123], [0.2621782061109885, 0.04763363684245325, 0.22091262274743284, 0.9434704176151143, 0.4182577131835773, 0.2316474305799887, 0.06576956919315158], [0.13329793585204364, 0.29137308309508925, 0.9863661181948624, 0.9563786768765645, 0.3250667791674806, 0.02641699132033304, 0.20133974863878767], [0.958894880928603, 0.42321259041347215, 0.9987340968076256, 0.8857693445847216, 0.0961549999010698, 0.35961860423261216, 0.6877452839289334]]
[[0.22334621002790167, 0.8761921225895306, 0.8784559472992297, 0.48158832667692697, 0.1915665376755057, 0.8543766306013255, 0.33381912175716033], [0.18426120418948944, 0.9114506732311878, 0.6483879777344926, 0.7924420522720974, 0.43721950139112764, 0.7318708982025427, 0.31386267530080725], [0.014553754758983906, 0.6691585098058501, 0.9180652478463788, 0.2740946998458451, 0.16108671182626788, 0.6865878740558403, 0.7641723585522344], [0.19275249488865287, 0.15503138753682189, 0.3305939731932538, 0.506748973027125, 0.9048294040760234, 0.6454274152584942, 0.48850715127708433], [0.227404415460553, 0.390348042124146, 0.6135698158991346, 0.7980988679109347, 0.903049815268292, 0.8598417649832899, 0.8104602579203611]]
[[0.1317310341804303, 0.9761769256898227, 0.6205556629077076, 0.8015339934881952, 0.36113453908776294, 0.11491837332182886, 0.42935662447777334], [0.07842620764327124, 0.08631882707374294, 0.13460585704703576, 0.6030598556925171, 0.15861024897513765, 0.3829207516438744, 0.8034340670303404], [0.979656128270598, 0.15952517041892067, 0.27443222977133663, 0.5604538560555198, 0.9215064488453798, 0.09805174088166824, 0.6589046367979182], [0.7545270575200762, 0.3180797584948236, 0.4694598971222823, 0.4781020958141997, 0.10615658859520116, 0.0007375528450621616, 0.5532411664951492], [0.3529647860459115, 0.9129442034992653, 0.6491873613670865, 0.21859138631479424, 0.42564767881768906, 0.6135345090683978, 0.7041573170299301]]
[[0.6207554994228812, 0.28121246120256693, 0.4916541557050501, 0.6381783550203949, 0.5664369930586501, 0.2597413513733592, 0.11921283621627066], [0.017747798157461747, 0.23055518910070338, 0.03506666266840608, 0.11217405283182447, 0.5467449049231863, 0.5511624114160021, 0.44445743154955775], [0.1755724411659224, 0.5601362004668694, 0.09318570319452579, 0.5362313970187729, 0.9234032725583996, 0.75002074909179, 0.287478928067191], [0.24816256544669757, 0.29630466965728075, 0.48764170720911704, 0.4209201759861725, 0.543831439860523, 0.5980931128523205, 0.009101011840051076], [0.8419102709160444, 0.8825464075907083, 0.6798870917159248, 0.7089813386770825, 0.20660838244184576, 0.7947286113921694, 0.3468043799476058]]

[[0 1 0 0 1 1 1]
 [0 1 1 0 1 1 0]
 [0 0 0 1 0 0 0]
 [0 0 1 1 0 0 0]
 [1 0 1 1 0 0 1]]
[[0 1 1 0 0 1 0]
 [0 1 1 1 0 1 0]
 [0 1 1 0 0 1 1]
 [0 0 0 1 1 1 0]
 [0 0 1 1 1 1 1]]
[[0 1 1 1 0 0 0]
 [0 0 0 1 0 0 1]
 [1 0 0 1 1 0 1]
 [1 0 0 0 0 0 1]
 [0 1 1 0 0 1 1]]
[[1 0 0 1 1 0 0]
 [0 0 0 0 1 1 0]
 [0 1 0 1 1 1 0]
 [0 0 0 0 1 1 0]
 [1 1 1 1 0 1 0]]

[[1 4 2 1 4 3 3]
 [1 4 3 2 3 3 2]
 [1 1 1 5 2 1 1]
 [1 1 5 5 2 1 1]
 [5 2 5 4 1 2 3]]
[[1 4 4 2 1 4 2]
 [1 5 3 4 2 4 2]
 [1 3 5 1 1 3 4]
 [1 1 2 3 5 3 2]
 [1 2 3 4 5 4 4]]
[[1 5 3 4 2 1 2]
 [1 1 1 3 1 2 4]
 [5 1 1 3 5 1 3]
 [4 2 2 2 1 1 3]
 [2 5 3 1 2 3 4]]
[[3 1 2 3 3 1 1]
 [1 1 1 1 3 3 2]
 [1 3 1 3 5 4 1]
 [1 1 2 2 3 3 1]
 [4 4 3 4 1 4 2]]

